ID                    RA(J2000)       Dec(J2000)  r_aper(1") z_spec    z_err         zq
J022410.5-044624.6     36.04365349    -4.77348760 17.09     -0.000242  0.000007      4
J022437.7-044428.5     36.15720391    -4.74124240 16.22      0.000065  0.000012      4
J022509.7-043019.4     36.29033089    -4.50539680 17.51     -0.000005  0.000009      4
J022704.3-042659.4     36.76782489    -4.44983200 16.44      0.000149  0.000005      4
J022648.8-042702.7     36.70329452    -4.45073750 16.00     -0.000115  0.000006      4
J022701.4-045306.6     36.75592661    -4.88515520 16.88     -0.000127  0.000005      4
J022646.9-043220.4     36.69545531    -4.53901290 16.69     -0.000273  0.000005      4
J022650.8-043106.3     36.71160936    -4.51842740 17.20     -0.000044  0.000006      4
J022526.8-044520.1     36.36174560    -4.75558330 17.49     -0.000672  0.000016      4
J022504.8-050506.9     36.27017498    -5.08523700 16.19      0.000120  0.000006      4
J022343.9-042536.7     35.93297839    -4.42686410 16.56     -0.000474  0.000006      4
J022645.7-042633.6     36.69039130    -4.44267940 16.59      0.000090  0.000004      4
J022624.6-045900.8     36.60246491    -4.98355960 16.76      0.000066  0.000004      4
J022632.5-042408.4     36.63559914    -4.40233950 16.25     -0.000050  0.000006      4
J161017.7+541110.3    242.57366180    54.18619540 17.44      0.000020  0.000004      4
J161112.8+540127.6    242.80340195    54.02432250 17.07     -0.000311  0.000015      4
J161022.0+541645.7    242.59171486    54.27936170 17.24     -0.000120  0.000003      4
J160824.5+541933.7    242.10227966    54.32601930 17.89     -0.000359  0.000005      4
J160710.4+542856.0    241.79328918    54.48223110 17.82      0.000004  0.000007      4
J160858.3+542815.1    242.24298477    54.47085950 16.57     -0.000079  0.000009      4
J160833.8+542926.2    242.14096069    54.49062350 17.92     -0.000004  0.000007      4
J160752.5+543142.5    241.96895599    54.52846150 17.95      0.000021  0.000008      4
J160747.6+544235.4    241.94832802    54.70983890 17.40     -0.000354  0.000006      4
J160712.7+543937.6    241.80293083    54.66043090 16.67      0.000012  0.000005      4
J161003.7+543849.8    242.51543999    54.64716720 17.88     -0.000338  0.000007      4
J161332.0+542023.6    243.38315964    54.33988190 16.60     -0.000194  0.000004      4
J161031.6+542115.2    242.63185501    54.35422900 16.67     -0.000238  0.000004      4
J160953.7+540100.2    242.47372627    54.01671600 16.62     -0.000060  0.000004      4
J160841.0+540510.5    242.17091560    54.08625410 17.21     -0.000247  0.000005      4
J160814.9+540155.1    242.06188202    54.03195950 16.22     -0.000204  0.000005      4
J160747.4+543816.0    241.94755554    54.63777920 17.08     -0.000119  0.000003      4
J160948.6+543414.2    242.45235443    54.57060240 17.35     -0.000345  0.000005      4
J160931.0+540225.5    242.37928391    54.04041290 16.21     -0.000149  0.000003      4
J161109.6+542829.7    242.78995514    54.47490690 16.28     -0.000292  0.000005      4
J161306.9+542703.5    243.27858925    54.45096970 17.52     -0.000574  0.000008      4
J161246.0+540953.6    243.19164276    54.16488270 16.96     -0.000235  0.000006      4
J161237.1+540900.8    243.15470695    54.15023040 17.34     -0.001168  0.000008      4
J161024.0+542047.5    242.59984016    54.34652710 17.92     -0.000359  0.000008      4
J161006.7+540636.4    242.52782822    54.11010740 17.14     -0.000044  0.000007      4
J160655.3+542440.7    241.73028946    54.41131210 17.13     -0.000197  0.000004      4
J160733.2+542942.3    241.88853264    54.49507900 16.95     -0.000302  0.000006      4
J160809.3+544518.0    242.03882217    54.75501250 16.92     -0.000257  0.000004      4
J160715.3+543414.6    241.81354523    54.57072070 17.21     -0.000099  0.000006      4
J161311.6+542628.9    243.29838753    54.44137190 16.27     -0.000256  0.000004      4
J161051.3+541532.1    242.71376610    54.25891490 16.41     -0.000063  0.000003      4
J161206.5+544706.3    243.02704811    54.78509140 17.41     -0.000228  0.000006      4
J161251.2+543619.5    243.21330070    54.60542300 17.31     -0.000258  0.000004      4
J161324.4+541547.9    243.35154533    54.26331710 17.29     -0.001049  0.000008      4
J160925.4+541454.1    242.35565186    54.24835590 17.41     -0.000521  0.000005      4
J160830.9+541414.5    242.12865829    54.23736190 17.57     -0.000089  0.000004      4
J160843.8+542442.1    242.18267441    54.41169740 16.53     -0.000228  0.000004      4
J160658.3+542405.8    241.74293518    54.40161130 16.12     -0.000315  0.000004      4
J161105.1+542525.5    242.77115822    54.42374800 17.17     -0.000569  0.000006      4
J161006.5+540837.6    242.52702713    54.14377210 17.53     -0.000425  0.000009      4
J160952.2+542226.2    242.46760368    54.37395480 17.55     -0.000447  0.000009      4
J160949.4+542306.6    242.45587349    54.38515850 16.00     -0.000082  0.000003      4
J160818.8+541719.4    242.07821846    54.28871150 16.46     -0.000333  0.000003      4
J160904.7+544944.9    242.26947784    54.82913970 17.49     -0.000105  0.000008      4
J161001.8+543252.0    242.50754356    54.54777530 16.15     -0.000624  0.000004      4
J161105.5+544655.5    242.77298927    54.78207400 17.65     -0.000367  0.000006      4
J161216.6+543030.0    243.06927681    54.50831990 17.59     -0.000133  0.000005      4
J161300.8+542258.2    243.25318336    54.38282390 17.71     -0.000214  0.000005      4
J161305.5+541240.1    243.27312469    54.21114350 16.73     -0.000153  0.000003      4
J161119.7+540704.0    242.83212662    54.11778640 16.34     -0.000544  0.000004      4
J160726.1+541308.7    241.85889244    54.21907810 17.35     -0.000160  0.000005      4
J160655.3+542440.8    241.73034668    54.41132740 17.14     -0.000164  0.000004      4
J160827.6+544147.3    242.11503983    54.69647600 17.22     -0.000360  0.000005      4
J161244.2+543712.3    243.18423271    54.62007900 16.03     -0.000064  0.000003      4
J161058.6+542456.6    242.74409294    54.41571810 16.09     -0.000281  0.000004      4
J161232.0+541007.3    243.13319206    54.16868210 17.37     -0.000351  0.000005      4
J161214.3+540404.2    243.05963516    54.06784060 16.93     -0.000439  0.000008      4
J161133.4+540434.9    242.88906097    54.07635880 17.33     -0.001099  0.000005      4
J161138.4+540139.9    242.90986061    54.02775570 17.58     -0.000594  0.000009      4
J160953.2+535722.5    242.47175217    53.95624540 17.09     -0.000370  0.000004      4
J160724.3+542705.9    241.85122490    54.45164490 16.41     -0.000263  0.000005      4
J160702.3+543106.8    241.75967216    54.51856610 17.95     -0.000559  0.000009      4
J160925.4+543421.2    242.35579491    54.57255170 17.06     -0.000010  0.000004      4
J232918.2+001840.5    352.32570648     0.31124560 17.35     -0.000608  0.000010      4
J232828.4-000016.1    352.11828232    -0.00447190 16.23     -0.000634  0.000007      4
J232809.3+000638.4    352.03888893     0.11065750 17.75     -0.001040  0.000017      4
J232859.4+001523.0    352.24760056     0.25637530 16.97     -0.000273  0.000011      4
J232944.9+001921.6    352.43702888     0.32267220 16.44     -0.000089  0.000010      4
J233011.3+002623.4    352.54703522     0.43983110 16.50      0.000218  0.000007      4
J233046.9+003556.3    352.69552231     0.59897280 16.36     -0.000190  0.000005      4
J233031.3+003418.3    352.63026237     0.57174410 16.04     -0.000530  0.000011      4
J232906.0-001056.1    352.27480888    -0.18225810 17.27     -0.000076  0.000013      4
J233037.6+000251.8    352.65666962     0.04771670 16.36     -0.000056  0.000009      4
J232955.6+001959.5    352.48166084     0.33320670 16.31     -0.000497  0.000008      4
J232941.2+002007.6    352.42166519     0.33545360 16.60     -0.000452  0.000010      4
J232956.7+003909.2    352.48641014     0.65256750 17.04     -0.000223  0.000009      4
J233031.3+003418.1    352.63026237     0.57170360 16.04     -0.000454  0.000009      4
J233037.6+000251.8    352.65669823     0.04773360 16.38     -0.000096  0.000008      4
J233013.0+000334.0    352.55415916     0.05945360 16.89     -0.000346  0.000007      4
J232959.2-001402.1    352.49665260    -0.23391670 17.17     -0.000817  0.000015      4
J232900.2-000140.4    352.25063324    -0.02787810 17.68     -0.000863  0.000013      4
J232916.5+002820.6    352.31892586     0.47239780 17.26     -0.000338  0.000005      4
J233106.3+001305.7    352.77611732     0.21825220 17.62     -0.000860  0.000011      4
J233151.0-000344.3    352.96245575    -0.06230860 16.08     -0.000224  0.000004      4
J232905.9-001056.5    352.27478027    -0.18235530 17.25     -0.000081  0.000015      4
J232828.4-000016.4    352.11828232    -0.00455280 16.26     -0.000592  0.000012      4
J233027.4-001604.3    352.61429787    -0.26786780 16.59     -0.000628  0.000007      4
J233013.0+000333.7    352.55413055     0.05936640 16.89     -0.000303  0.000006      4
J232943.5-000235.5    352.43107796    -0.04318890 16.73      0.000058  0.000008      4
J232900.1-000140.7    352.25060463    -0.02796500 17.68     -0.004099  0.001118      4
J232809.3+000638.1    352.03886032     0.11057060 17.75     -0.001060  0.000021      4
J232859.4+001522.5    352.24757195     0.25626170 16.96     -0.000102  0.000008      4
J233057.1+003629.2    352.73812294     0.60811310 16.23     -0.000398  0.000008      4
J233106.3+001305.4    352.77608871     0.21816530 17.62     -0.000725  0.000015      4
J232949.7+000731.0    352.45702744     0.12527140 16.30     -0.000154  0.000004      4
J233011.3+002623.1    352.54700661     0.43974420 16.52      0.000139  0.000005      4
J232956.7+003908.8    352.48635292     0.65244780 17.04     -0.000236  0.000008      4
J233011.2+001538.4    352.54654884     0.26066890 17.44     -0.000243  0.000007      4
J232755.6-000346.5    351.98178291    -0.06292250 17.58     -0.000815  0.000014      4
J232815.1+002403.8    352.06283569     0.40104940 17.49     -0.000085  0.000013      4
J232941.2+002007.3    352.42163658     0.33536720 16.60     -0.000301  0.000010      4
J233151.0-000344.6    352.96242714    -0.06239560 16.08     -0.000176  0.000003      4
